"","V1","V2","V3","V4","V5","V6","V7","V8"
"1",NA,NA,NA,NA,NA,NA,NA,NA
"2",NA,NA,NA,NA,NA,NA,NA,0.766037735849057
"3",NA,NA,NA,NA,NA,NA,0.805616467425904,0.766037735849057
"4",NA,NA,NA,NA,NA,0.75823729913975,0.805616467425904,0.766037735849057
"5",NA,NA,NA,NA,0.717799272486772,0.75823729913975,0.805616467425904,0.766037735849057
"6",NA,NA,NA,0.76740107005855,0.717799272486772,0.75823729913975,0.805616467425904,0.766037735849057
"7",NA,NA,0.722916574901995,0.76740107005855,0.717799272486772,0.75823729913975,0.805616467425904,0.766037735849057
"8",NA,0.708596780058177,0.722916574901995,0.76740107005855,0.717799272486772,0.75823729913975,0.805616467425904,0.766037735849057
